SIRET invalides :
35600000000786
35600000001249
35600000003382
35600000004575
35600000005434
35600000005475
35600000005533
35600000007275
35600000007946
35600000008107
35600000008238
35600000008440
35600000009124
35600000009241
35600000009363
35600000010217
35600000010429
35600000012292
35600000012305
35600000012378
35600000012710
35600000012986
35600000013444
35600000013575
35600000014597
35600000014678
35600000014768
35600000014803
35600000015465
35600000015906
35600000015956
35600000015979
35600000016662
35600000016716
35600000016743
35600000016955
35600000017053
35600000017058
35600000017283
35600000018269
35600000018723
35600000019939
35600000020482
35600000021224
35600000022228
35600000022692
35600000023542
35600000024087
35600000024582
35600000024866
35600000025365
35600000027890
35600000028704
35600000029028
35600000029703
35600000030328
35600000030611
35600000030657
35600000033618
35600000034275
35600000036615
35600000037254
35600000037452
35600000037853
35600000037911
35600000038479
35600000038762
35600000038771
35600000039743
35600000040066
35600000040232
35600000042091
35600000042357
35600000042762
35600000043586
35600000043644
35600000044260
35600000044742
35600000046178
35600000046349
35600000047582
35600000048482
35600000050592
35600000051479
35600000051613
35600000054124
35600000054584
35600000055079
35600000057491
35600000058017
35600000058247
35600000058571
35600000058918
35600000059174
35600000060541
35600000064425
35600000064795
35600000064817
35600000064920
35600000065285
35600000066180
35600000068156
35600000068732
35600000069187
